释义	count251	mediapipe1	mediapipe2	divide
轮廓左	0	139	127	0.5
	1	127		
	2	127	234	0.5
	3	234		
	4	234	93	0.5
	5	93		
	6	93	132	0.5
	7	132		
	8	132	58	0.5
	9	58		
	10	172		
	11	172	136	0.5
	12	136		
	13	136	150	0.5
	14	150		
	15	149		
	16	176		
	17	148		
下巴处	18	152		
	19	377		
	20	400		
	21	378		
	22	365	379	0.5
	23	365		
	24	397	365	0.5
	25	397		
	26	435	397	0.5
	27	435		
	28	401	435	0.5
	29	401		
	30	323	401	0.5
	31	323		
	32	454	323	0.5
	33	454		
	34	264	454	0.5
	35	264		
轮廓右	36	356		
	37	389	356	0.33
	38	389	356	0.66
	39	389		
	40	389	251	0.5
	41	251		
	42	251	284	0.5
	43	284		
	44	332	284	0.5
	45	332		
	46	297	332	0.5
	47	297		
	48	338	297	0.5
	49	338		
	50	10	338	0.33
	51	10	338	0.66
轮廓额中心	52	10		
	53	10	109	0.5
	54	109		
	55	109	67	0.66
	56	109	67	0.33
	57	67		
	58	103	67	0.66
	59	103	67	0.33
	60	103		
	61	103	54	0.5
	62	54		
	63	54	21	0.5
	64	21		
	65	21	162	0.5
	66	162		
	67	162	127	0.5
左眉毛	68	70	46	0.66
	69	63	70	0.5
	70	63		
	71	105	63	0.5
	72	105		
上眉中间	73	66	105	0.5
	74	66	105	0.8
	75	66		
	76	66	107	0.33
	77	66	107	0.66
左眉毛右侧	78	107	55	0.5
	79	65	55	0.6
	80	65	55	0.3
	81	65		
	82	52	65	0.75
左眉下中间	83	52	65	0.5
	84	52	65	0.3
	85	52		
	86	52	53	0.5
	87	53		
右眉毛左角	88	285	336	0.5
	89	336		
	90	336	296	0.5
	91	296		
	92	296	334	0.5
右上中	93	334		
	94	334	293	0.33
	95	334	293	0.66
	96	293		
	97	293	300	0.5
右角	98	300		
	99	300	276	0.5
	100	276		
	101	276	283	0.5
	102	283		
右下中	103	282		
	104	282	295	0.33
	105	282	295	0.66
	106	295		
	107	295	285	0.7
左眼左角	108	33		
	109	246		
	110	161		
	111	160		
	112	160	159	0.5
	113	159		
上沿中	114	159	158	0.5
	115	158		
	116	158	157	0.5
	117	157		
	118	157	173	0.5
	119	173		
右角	120	133		
	121	155		
	122	154		
	123	154	153	0.5
	124	153		
	125	153	145	0.5
下沿中	126	145		
	127	145	144	0.5
	128	144		
	129	163		
	130	7		
左角下	131	33	7	0.5
瞳孔	132	468		
虹膜上	133	470		
虹膜下	134	472		
眼中心点	135	33	133	0.5
右眼左	136	362		
	137	398		
	138	398	384	0.5
	139	384		
	140	384	385	0.5
	141	385		
右眼眶上沿中心点	142	385	386	0.5
	143	386		
	144	386	387	0.5
	145	387		
	146	388		
	147	466		
右眼右眼角	148	263		
	149	249		
	150	390		
	151	373	390	0.5
	152	373		
	153	374	373	0.5
右眼眶下沿中心点	154	374		
	155	374	380	0.5
	156	380		
	157	380	381	0.5
	158	381		
	159	382		
瞳孔	160	473		
虹膜上	161	475		
虹膜下	162	477		
眼中心点	163	362	263	0.5
两眼瞳孔之间鼻梁处	164	168		
	165	6	197	0.5
	166	195	5	0.5
鼻尖	167	4		
左眼眼窝与上鼻梁交汇处	168	193		
	169	193	188	0.3
	170	193	188	0.6
	171	245	217	0.33
	172	245	217	0.66
左鼻翼上侧	173	217		
	174	209		
左鼻翼下侧	175	64		
左鼻孔左侧边	176	98		
左鼻孔下方	177	75		
左鼻孔右侧内	178	60		
鼻子与人中接缝中点	179	2		
右鼻孔左侧内	180	290		
右鼻孔下方	181	305		
右鼻孔右侧边	182	460		
右鼻翼下侧	183	294		
	184	420		
右鼻翼上侧	185	437		
	186	437	412	0.5
	187	412		
	188	412	417	0.33
	189	412	417	0.66
右眼眼窝与上鼻梁交汇处	190	417		
左嘴角外侧点	191	61		
	192	185		
	193	40		
	194	40	39	0.5
	195	39		
	196	39	37	0.33
	197	39	37	0.66
上嘴唇上侧左峰顶	198	37		
	199	37	0	0.5
上嘴唇上侧谷底	200	0		
	201	0	267	0.5
上嘴唇上侧右峰顶	202	267		
	203	267	269	0.33
	204	267	269	0.66
	205	269		
	206	269	270	0.5
	207	270		
	208	409		
右嘴角外侧点	209	291		
右嘴角内侧点	210	306		
	211	308		
	212	415		
	213	310		
	214	311		
	215	312		
上嘴唇下侧峰顶	216	13		
	217	82		
	218	81		
	219	80		
	220	191		
	221	78		
左嘴角内侧点	222	76		
下嘴唇上侧左边点	223	96		
	224	95		
	225	88		
	226	178		
	227	87		
	228	87	14	0.5
下嘴唇上侧中间点	229	14		
	230	14	317	0.5
	231	317		
	232	402		
	233	318		
	234	324		
下嘴唇上侧右边点	235	325		
下嘴唇下侧右边点	236	375		
	237	321	375	0.5
	238	321		
	239	321	405	0.5
	240	405		
	241	405	314	0.5
	242	314		
下嘴唇下侧中心点	243	17		
	244	84	17	0.5
	245	84		
	246	181	84	0.5
	247	181		
	248	181	91	0.5
	249	91		
下嘴唇下侧左边点	250	146		
